Depth = 1.94443pt
Height = 9.78334pt
TotalHeight = 11.72777pt
Width = 37.14449pt
